29
13 2
27540 35977
841 3
97336 53547 18412
198 4
43277 85926 67461 72862
144 2
2159 86252
682 7
62803 36725 2095 99911 37421 71748 64141
70 7
46955 59038 39147 69450 12609 64693 51218
471 14
3483 15816 14167 12704 51538 81107 32118 73200 6961 35339 73414 18841 90830 99955
120 12
27416 77479 37305 54379 90825 25587 84406 26106 44585 32188 8848 85140
628 24
21435 195 2077 46407 36084 41450 75296 86412 7421 11306 39111 20111 61834 26672 28769 76074 62512 84904 24701 71292 5476 98692 90249 41304
44 8
67337 19798 6481 11301 7177 48493 12732 27027
856 16
93699 18910 28726 24378 28413 44849 20892 62884 9664 11792 45789 57723 76147 35138 48369 10159
629 25
56522 86651 72254 58470 7430 76198 42790 49760 85930 44767 15381 33843 40469 6335 49084 44432 4119 78674 44720 59031 94070 40806 32770 61500 23563
703 20
71501 47401 60396 44773 39512 87338 14638 26371 49064 81481 90768 1560 54963 18747 9559 95323 129 6977 86675 62254
435 22
58609 81036 84965 3191 37475 31747 56133 87514 468 11718 40494 34241 48405 79112 21866 97688 35239 95274 34335 95703 46239 32522
92 37
25835 92141 62057 57228 12694 61660 83909 15389 71251 65297 21223 33895 84072 17756 52765 94908 4816 42785 92803 66147 49823 91348 27004 14002 23437 62218 82407 31832 39226 39904 84279 5361 6485 1850 83347 50908 53394
275 21
44687 56099 19197 87440 5874 89075 80390 13727 34654 78046 15809 28202 24185 37622 62421 90778 68837 58119 65345 56813 38324
386 14
65711 31085 23902 89204 46755 43600 41109 36458 18421 17512 6016 67088 33385 85219
406 19
5175 80456 82163 71181 95533 76263 22702 32315 38572 11373 33777 39409 7785 97729 83364 54313 15264 43520 84733
416 15
77021 14666 72703 94715 85126 78105 92947 1804 17330 43182 79390 70897 17636 61303 75226
463 10
69374 3496 9592 51567 16211 84698 4723 72088 55917 77430
324 47
51683 72161 53781 75247 54937 45441 99114 11366 22759 63286 39300 22689 90407 94690 62885 25098 24718 95412 57379 79909 97225 34252 94989 38639 91174 93169 61922 62838 68316 5045 3934 40845 18130 68041 20654 68892 449 22753 99464 16758 10343 66241 61288 14372 36221 48600 13173
762 18
71309 8710 55343 48424 67087 51709 77147 7198 44445 74542 5687 82838 9091 65447 22616 34911 86598 10739
281 7
35282 28028 98763 39307 61772 34826 58260
552 12
26350 64790 19646 43328 94290 25992 55545 95124 49661 9877 47379 37990
588 50
29589 36240 37294 10086 47708 88308 91957 71343 47440 53877 60707 80793 11411 66494 99848 76444 77507 31323 50854 38071 36824 15929 86762 97961 38056 58798 27567 93611 77046 87369 46836 57734 41502 11572 17984 28957 84651 9288 33136 63359 10650 71549 9531 72896 26841 18063 46016 17785 86584 16113
948 17
39578 91111 79672 6900 55675 89537 49716 36420 98258 25708 53225 11347 47500 39097 96773 28157 8941
221 21
2939 63931 18439 4511 58210 8930 59295 9653 71305 44632 7527 69314 68448 95958 55582 30788 96568 66391 62039 47015 42072
450 14
98694 96331 78089 34850 33222 26416 34350 25354 62328 16126 41428 54622 41943 38383
761 7
32368 24676 78140 41509 6162 87097 38096
